Start_Time,End_Time,F0_Hz
3.69,3.7,109.68249796946259
0.79,0.8,118.9207115002721
4.89,4.9,135.81724438273213
2.38,2.39,105.94630943592954
2.46,2.47,113.55044290708773
4.52,4.53,155.11447618337345
2.37,2.38,107.17734625362931
4.97,4.98,0.0
3.55,3.56,0.0
2.3,2.31,105.33610359548358
0.05,0.06,0.0
3.49,3.5,0.0
3.79,3.8,130.43520697655643
1.94,1.95,0.0
1.06,1.07,123.11444133449163
4.14,4.15,0.0
3.75,3.76,123.82763603774404
0.73,0.74,123.11444133449163
3.45,3.46,104.12621525348065
0.31,0.32,131.19081044374488
3.71,3.72,110.95694720678449
4.09,4.1,110.95694720678449
2.76,2.77,109.05077326652577
1.68,1.69,0.0
3.4,3.41,0.0
3.17,3.18,0.0
4.07,4.08,112.89644048061314
1.14,1.15,125.26644386241279
0.58,0.59,169.1535357262897
3.19,3.2,0.0
4.36,4.37,0.0
1.57,1.58,104.12621525348065
4.95,4.96,0.0
2.69,2.7,111.59971426302234
3.3,3.31,0.0
4.24,4.25,0.0
5.0,5.01,137.3953647458089
3.66,3.67,106.56005016284841
3.81,3.82,131.9507910772894
4.26,4.27,0.0
2.78,2.79,107.17734625362931
0.01,0.02,0.0
4.74,4.75,138.99182198423372
4.65,4.66,145.56531828421873
4.58,4.59,148.1097552286564
1.76,1.77,102.3373891996775
2.85,2.86,116.87772485612456
1.66,1.67,104.72941228206267
3.0,3.01,104.72941228206267
1.09,1.1,0.0
2.16,2.17,0.0
0.06,0.07,0.0
4.03,4.04,117.55479062836088
0.85,0.86,124.5449622358823
4.5,4.51,161.5148333600084
4.51,4.52,158.74010519681997
0.5,0.51,173.1073122012286
2.6,2.61,0.0
4.46,4.47,172.11028744886602
5.06,5.07,139.79699341790194
3.96,3.97,105.94630943592954
3.62,3.63,107.17734625362931
2.99,3.0,105.94630943592954
0.03,0.04,0.0
2.54,2.55,102.3373891996775
2.83,2.84,114.86983549970348
4.76,4.77,137.3953647458089
3.28,3.29,0.0
3.72,3.73,117.55479062836088
2.88,2.89,116.20455869578394
0.53,0.54,167.2106416577019
1.53,1.54,103.52649238413775
4.11,4.12,109.05077326652577
4.61,4.62,147.25670581005258
4.69,4.7,141.4213562373095
4.96,4.97,0.0
0.94,0.95,120.99940892192926
4.22,4.23,0.0
3.65,3.66,107.17734625362931
3.8,3.81,131.9507910772894
4.25,4.26,0.0
3.04,3.05,0.0
1.96,1.97,0.0
4.63,4.64,145.56531828421873
0.14,0.15,0.0
4.6,4.61,147.25670581005258
3.98,3.99,112.89644048061314
0.59,0.6,0.0
4.47,4.48,169.1535357262897
4.41,4.42,0.0
1.9,1.91,0.0
0.48,0.49,165.29006363084235
3.03,3.04,0.0
2.25,2.26,102.93022366434921
0.81,0.82,122.40535433046553
0.21,0.22,0.0
4.04,4.05,116.87772485612456
5.07,5.08,140.60682916223496
1.6,1.61,104.12621525348065
2.75,2.76,109.05077326652577
4.16,4.17,0.0
2.53,2.54,104.12621525348065
1.89,1.9,101.74796921026864
4.3,4.31,0.0
4.7,4.71,143.06459324352582
0.23,0.24,0.0
1.93,1.94,0.0
2.52,2.53,104.12621525348065
2.27,2.28,101.74796921026864
0.2,0.21,0.0
3.61,3.62,112.2462048309373
2.56,2.57,102.3373891996775
2.02,2.03,0.0
2.09,2.1,103.52649238413775
2.01,2.02,0.0
1.97,1.98,0.0
4.73,4.74,138.99182198423372
4.35,4.36,0.0
0.11,0.12,0.0
1.7,1.71,0.0
0.32,0.33,131.19081044374488
2.58,2.59,104.72941228206267
1.58,1.59,104.12621525348065
0.26,0.27,142.24060181972814
3.97,3.98,105.33610359548358
4.4,4.41,0.0
4.21,4.22,0.0
3.32,3.33,0.0
1.38,1.39,0.0
0.87,0.88,125.26644386241279
2.08,2.09,103.52649238413775
1.73,1.74,0.0
1.63,1.64,104.72941228206267
4.99,5.0,0.0
0.43,0.44,172.11028744886602
0.3,0.31,132.71517423385683
2.8,2.81,118.9207115002721
4.18,4.19,0.0
4.85,4.86,131.19081044374488
0.63,0.64,161.5148333600084
0.07,0.08,0.0
0.09,0.1,0.0
3.23,3.24,0.0
2.04,2.05,0.0
0.9,0.91,125.26644386241279
1.49,1.5,102.93022366434921
4.83,4.84,133.48398541700342
0.75,0.76,122.40535433046553
3.41,3.42,0.0
1.03,1.04,123.11444133449163
1.28,1.29,115.5352696872273
0.02,0.03,0.0
4.15,4.16,0.0
1.61,1.62,104.12621525348065
2.03,2.04,0.0
1.56,1.57,103.52649238413775
3.08,3.09,0.0
4.62,4.63,146.40856959456255
1.21,1.22,116.20455869578394
4.77,4.78,136.60402567543954
0.93,0.94,121.7003513670591
0.38,0.39,147.25670581005258
3.38,3.39,0.0
5.01,5.02,136.60402567543954
0.72,0.73,123.82763603774404
3.52,3.53,0.0
1.55,1.56,103.52649238413775
2.0,2.01,0.0
4.2,4.21,0.0
2.42,2.43,109.68249796946259
0.84,0.85,123.11444133449163
0.47,0.48,169.1535357262897
4.27,4.28,0.0
2.95,2.96,108.42268703014184
0.45,0.46,171.11900513652043
2.22,2.23,104.72941228206267
3.42,3.43,0.0
3.6,3.61,105.94630943592954
1.69,1.7,0.0
3.16,3.17,107.79821830428551
0.25,0.26,153.33283446696007
0.36,0.37,129.68395546510095
1.62,1.63,104.12621525348065
3.05,3.06,0.0
1.11,1.12,0.0
1.54,1.55,102.93022366434921
0.77,0.78,120.99940892192926
3.13,3.14,108.42268703014184
2.81,2.82,114.86983549970348
3.02,3.03,0.0
3.59,3.6,105.94630943592954
3.5,3.51,0.0
0.22,0.23,0.0
3.76,3.77,126.72196982870621
2.47,2.48,113.55044290708773
1.47,1.48,103.52649238413775
1.33,1.34,111.59971426302234
2.2,2.21,106.56005016284841
3.83,3.84,131.9507910772894
2.43,2.44,110.31788221637464
3.87,3.88,123.82763603774404
0.89,0.9,125.26644386241279
4.42,4.43,0.0
1.35,1.36,109.68249796946259
3.39,3.4,0.0
1.24,1.25,116.20455869578394
0.71,0.72,125.26644386241279
0.6,0.61,0.0
2.72,2.73,109.05077326652577
0.76,0.77,121.7003513670591
0.51,0.52,170.13343219017113
1.45,1.46,0.0
0.18,0.19,0.0
2.65,2.66,110.31788221637464
3.68,3.69,107.17734625362931
1.42,1.43,0.0
1.16,1.17,118.9207115002721
1.07,1.08,123.11444133449163
3.91,3.92,114.86983549970348
1.29,1.3,114.86983549970348
4.79,4.8,135.034994616819
3.58,3.59,105.94630943592954
2.36,2.37,105.94630943592954
1.71,1.72,0.0
2.39,2.4,107.79821830428551
4.72,4.73,142.24060181972814
0.7,0.71,126.72196982870621
0.42,0.43,171.11900513652043
1.84,1.85,100.57929410678534
2.44,2.45,111.59971426302234
4.33,4.34,0.0
0.86,0.87,124.5449622358823
2.9,2.91,114.86983549970348
3.7,3.71,110.95694720678449
1.92,1.93,0.0
3.73,3.74,119.60961217374037
4.91,4.92,143.06459324352582
3.27,3.28,0.0
1.5,1.51,102.3373891996775
3.14,3.15,106.56005016284841
1.83,1.84,100.57929410678534
4.01,4.02,116.20455869578394
4.0,4.01,112.89644048061314
2.34,2.35,104.72941228206267
2.97,2.98,107.17734625362931
2.21,2.22,104.72941228206267
1.51,1.52,102.93022366434921
3.25,3.26,0.0
4.1,4.11,110.31788221637464
1.31,1.32,112.89644048061314
0.19,0.2,0.0
0.39,0.4,163.39154532410998
1.46,1.47,0.0
3.99,4.0,112.89644048061314
