Start_Time,End_Time,F0_Hz
0.0,0.01,0.0
0.01,0.02,0.0
0.02,0.03,0.0
0.03,0.04,0.0
0.04,0.05,0.0
0.05,0.06,0.0
0.06,0.07,0.0
0.07,0.08,0.0
0.08,0.09,0.0
0.09,0.1,0.0
0.1,0.11,0.0
0.11,0.12,0.0
0.12,0.13,0.0
0.13,0.14,0.0
0.14,0.15,0.0
0.15,0.16,0.0
0.16,0.17,215.59643660857103
0.17,0.18,221.91389441356898
0.18,0.19,223.1994285260446
0.19,0.2,221.91389441356898
0.2,0.21,221.91389441356898
0.21,0.22,220.63576443274928
0.22,0.23,219.36499593892518
0.23,0.24,219.36499593892518
0.24,0.25,218.10154653305153
0.25,0.26,216.8453740602837
0.26,0.27,207.05298476827548
0.27,0.28,203.49593842053727
0.28,0.29,203.49593842053727
0.29,0.3,203.49593842053727
0.3,0.31,202.3238880603845
0.31,0.32,202.3238880603845
0.32,0.33,201.15858821357068
0.33,0.34,198.8480847635095
0.34,0.35,200.0
0.35,0.36,202.3238880603845
0.36,0.37,202.3238880603845
0.37,0.38,201.15858821357068
0.38,0.39,201.15858821357068
0.39,0.4,200.0
0.4,0.41,198.8480847635095
0.41,0.42,197.70280407057922
0.42,0.43,196.56411970905023
0.43,0.44,195.43199368684918
0.44,0.45,194.30638823072118
0.45,0.46,194.30638823072118
0.46,0.47,193.1872657849691
0.47,0.48,193.1872657849691
0.48,0.49,193.1872657849691
0.49,0.5,192.07458901020084
0.5,0.51,192.07458901020084
0.51,0.52,190.9683207820833
0.52,0.53,189.86842419010387
0.53,0.54,200.0
0.54,0.55,200.0
0.55,0.56,200.0
0.56,0.57,198.8480847635095
0.57,0.58,198.8480847635095
0.58,0.59,196.56411970905023
0.59,0.6,195.43199368684918
0.6,0.61,194.30638823072118
0.61,0.62,193.1872657849691
0.62,0.63,192.07458901020084
0.63,0.64,192.07458901020084
0.64,0.65,192.07458901020084
0.65,0.66,192.07458901020084
0.66,0.67,190.9683207820833
0.67,0.68,179.21192838239048
0.68,0.69,179.21192838239048
0.69,0.7,178.17974362806785
0.7,0.71,178.17974362806785
0.71,0.72,177.1535038204721
0.72,0.73,176.1331747192297
0.73,0.74,176.1331747192297
0.74,0.75,176.1331747192297
0.75,0.76,176.1331747192297
0.76,0.77,175.11872228117704
0.77,0.78,174.11011265922482
0.78,0.79,173.1073122012286
0.79,0.8,172.11028744886602
0.8,0.81,172.11028744886602
0.81,0.82,172.11028744886602
0.82,0.83,172.11028744886602
0.83,0.84,171.11900513652043
0.84,0.85,171.11900513652043
0.85,0.86,172.11028744886602
0.86,0.87,171.11900513652043
0.87,0.88,169.1535357262897
0.88,0.89,164.33806291715806
0.89,0.9,165.29006363084235
0.9,0.91,164.33806291715806
0.91,0.92,164.33806291715806
0.92,0.93,164.33806291715806
0.93,0.94,165.29006363084235
0.94,0.95,168.1792830507429
0.95,0.96,168.1792830507429
0.96,0.97,165.29006363084235
0.97,0.98,163.39154532410998
0.98,0.99,162.4504792712471
0.99,1.0,168.1792830507429
1.0,1.01,174.11011265922482
1.01,1.02,178.17974362806785
1.02,1.03,179.21192838239048
1.03,1.04,182.34449771164336
1.04,1.05,183.40080864093423
1.05,1.06,183.40080864093423
1.06,1.07,184.46323871718783
1.07,1.08,184.46323871718783
1.08,1.09,185.5318233882619
1.09,1.1,185.5318233882619
1.1,1.11,186.60659830736148
1.11,1.12,187.68759933422865
1.12,1.13,186.60659830736148
1.13,1.14,187.68759933422865
1.14,1.15,187.68759933422865
1.15,1.16,187.68759933422865
1.16,1.17,185.5318233882619
1.17,1.18,0.0
1.18,1.19,215.59643660857103
1.19,1.2,215.59643660857103
1.2,1.21,214.35469250725862
1.21,1.22,214.35469250725862
1.22,1.23,213.12010032569688
1.23,1.24,211.89261887185907
1.24,1.25,210.67220719096719
1.25,1.26,211.89261887185907
1.26,1.27,213.12010032569688
1.27,1.28,211.89261887185907
1.28,1.29,213.12010032569688
1.29,1.3,211.89261887185907
1.3,1.31,211.89261887185907
1.31,1.32,193.1872657849691
1.32,1.33,194.30638823072118
1.33,1.34,189.86842419010387
1.34,1.35,186.60659830736148
1.35,1.36,185.5318233882619
1.36,1.37,183.40080864093423
1.37,1.38,181.29427068562208
1.38,1.39,178.17974362806785
1.39,1.4,177.1535038204721
1.4,1.41,183.40080864093423
1.41,1.42,183.40080864093423
1.42,1.43,179.21192838239048
1.43,1.44,179.21192838239048
1.44,1.45,178.17974362806785
1.45,1.46,176.1331747192297
1.46,1.47,175.11872228117704
1.47,1.48,173.1073122012286
1.48,1.49,172.11028744886602
1.49,1.5,172.11028744886602
1.5,1.51,171.11900513652043
1.51,1.52,171.11900513652043
1.52,1.53,171.11900513652043
1.53,1.54,170.13343219017113
1.54,1.55,169.1535357262897
1.55,1.56,169.1535357262897
1.56,1.57,169.1535357262897
1.57,1.58,169.1535357262897
1.58,1.59,172.11028744886602
1.59,1.6,170.13343219017113
1.6,1.61,184.46323871718783
1.61,1.62,184.46323871718783
1.62,1.63,182.34449771164336
1.63,1.64,178.17974362806785
1.64,1.65,174.11011265922482
1.65,1.66,170.13343219017113
1.66,1.67,168.1792830507429
1.67,1.68,167.2106416577019
1.68,1.69,166.24757922855756
1.69,1.7,165.29006363084235
1.7,1.71,165.29006363084235
1.71,1.72,165.29006363084235
1.72,1.73,165.29006363084235
1.73,1.74,164.33806291715806
1.74,1.75,165.29006363084235
1.75,1.76,165.29006363084235
1.76,1.77,165.29006363084235
1.77,1.78,165.29006363084235
1.78,1.79,166.24757922855756
1.79,1.8,165.29006363084235
1.8,1.81,163.39154532410998
1.81,1.82,162.4504792712471
1.82,1.83,162.4504792712471
1.83,1.84,161.5148333600084
1.84,1.85,161.5148333600084
1.85,1.86,164.33806291715806
1.86,1.87,165.29006363084235
1.87,1.88,148.1097552286564
1.88,1.89,163.39154532410998
1.89,1.9,156.0130452026747
1.9,1.91,156.91681957935012
1.91,1.92,156.91681957935012
1.92,1.93,156.91681957935012
1.93,1.94,156.0130452026747
1.94,1.95,155.11447618337345
1.95,1.96,155.11447618337345
1.96,1.97,154.22108254079407
1.97,1.98,154.22108254079407
1.98,1.99,154.22108254079407
1.99,2.0,152.4497023255762
2.0,2.01,154.22108254079407
2.01,2.02,155.11447618337345
2.02,2.03,154.22108254079407
2.03,2.04,155.11447618337345
2.04,2.05,156.0130452026747
2.05,2.06,0.0
2.06,2.07,0.0
2.07,2.08,0.0
2.08,2.09,0.0
2.09,2.1,0.0
2.1,2.11,0.0
2.11,2.12,0.0
2.12,2.13,0.0
2.13,2.14,0.0
2.14,2.15,0.0
2.15,2.16,0.0
2.16,2.17,0.0
2.17,2.18,0.0
2.18,2.19,0.0
2.19,2.2,0.0
2.2,2.21,0.0
2.21,2.22,0.0
2.22,2.23,0.0
2.23,2.24,0.0
2.24,2.25,0.0
2.25,2.26,161.5148333600084
2.26,2.27,160.5845763726753
2.27,2.28,158.74010519681997
2.28,2.29,156.91681957935012
2.29,2.3,156.91681957935012
2.3,2.31,156.0130452026747
2.31,2.32,156.91681957935012
2.32,2.33,156.91681957935012
2.33,2.34,156.0130452026747
2.34,2.35,157.8258294677283
2.35,2.36,156.0130452026747
2.36,2.37,163.39154532410998
2.37,2.38,163.39154532410998
2.38,2.39,170.13343219017113
2.39,2.4,170.13343219017113
2.4,2.41,170.13343219017113
2.41,2.42,169.1535357262897
2.42,2.43,169.1535357262897
2.43,2.44,168.1792830507429
2.44,2.45,158.74010519681997
2.45,2.46,164.33806291715806
2.46,2.47,161.5148333600084
2.47,2.48,160.5845763726753
2.48,2.49,160.5845763726753
2.49,2.5,158.74010519681997
2.5,2.51,156.91681957935012
2.51,2.52,155.11447618337345
2.52,2.53,151.57165665103983
2.53,2.54,150.69866814745757
2.54,2.55,149.83070768766817
2.55,2.56,148.96774631227024
2.56,2.57,148.96774631227024
2.57,2.58,147.25670581005258
2.58,2.59,147.25670581005258
2.59,2.6,148.96774631227024
2.6,2.61,147.25670581005258
2.61,2.62,147.25670581005258
2.62,2.63,148.1097552286564
2.63,2.64,147.25670581005258
2.64,2.65,147.25670581005258
2.65,2.66,147.25670581005258
2.66,2.67,146.40856959456255
2.67,2.68,146.40856959456255
2.68,2.69,145.56531828421873
2.69,2.7,144.7269237440378
2.7,2.71,144.7269237440378
2.71,2.72,144.7269237440378
2.72,2.73,145.56531828421873
2.73,2.74,144.7269237440378
2.74,2.75,145.56531828421873
2.75,2.76,144.7269237440378
2.76,2.77,144.7269237440378
2.77,2.78,144.7269237440378
2.78,2.79,143.893358001082
2.79,2.8,143.06459324352582
2.8,2.81,142.24060181972814
2.81,2.82,141.4213562373095
2.82,2.83,140.60682916223496
2.83,2.84,141.4213562373095
2.84,2.85,140.60682916223496
2.85,2.86,139.79699341790194
2.86,2.87,139.79699341790194
2.87,2.88,138.99182198423372
2.88,2.89,138.99182198423372
2.89,2.9,138.99182198423372
2.9,2.91,138.99182198423372
2.91,2.92,139.79699341790194
2.92,2.93,139.79699341790194
2.93,2.94,139.79699341790194
2.94,2.95,139.79699341790194
2.95,2.96,138.99182198423372
2.96,2.97,138.99182198423372
2.97,2.98,138.99182198423372
2.98,2.99,138.1912879967776
2.99,3.0,138.1912879967776
3.0,3.01,137.3953647458089
3.01,3.02,137.3953647458089
3.02,3.03,137.3953647458089
3.03,3.04,136.60402567543954
3.04,3.05,135.81724438273213
3.05,3.06,135.81724438273213
3.06,3.07,135.034994616819
3.07,3.08,135.034994616819
3.08,3.09,135.034994616819
3.09,3.1,134.25725027802636
3.1,3.11,134.25725027802636
3.11,3.12,135.034994616819
3.12,3.13,134.25725027802636
3.13,3.14,134.25725027802636
3.14,3.15,135.034994616819
3.15,3.16,134.25725027802636
3.16,3.17,134.25725027802636
3.17,3.18,134.25725027802636
3.18,3.19,135.034994616819
3.19,3.2,134.25725027802636
3.2,3.21,134.25725027802636
3.21,3.22,134.25725027802636
3.22,3.23,132.71517423385683
3.23,3.24,132.71517423385683
3.24,3.25,132.71517423385683
3.25,3.26,132.71517423385683
3.26,3.27,132.71517423385683
3.27,3.28,132.71517423385683
3.28,3.29,132.71517423385683
3.29,3.3,132.71517423385683
3.3,3.31,131.9507910772894
3.31,3.32,131.9507910772894
3.32,3.33,131.19081044374488
3.33,3.34,131.19081044374488
3.34,3.35,130.43520697655643
3.35,3.36,130.43520697655643
3.36,3.37,130.43520697655643
3.37,3.38,131.19081044374488
3.38,3.39,130.43520697655643
3.39,3.4,130.43520697655643
3.4,3.41,130.43520697655643
3.41,3.42,129.68395546510095
3.42,3.43,128.1944081920729
3.43,3.44,128.1944081920729
3.44,3.45,127.45606273192622
3.45,3.46,128.1944081920729
3.46,3.47,131.19081044374488
3.47,3.48,0.0
3.48,3.49,0.0
3.49,3.5,0.0
3.5,3.51,0.0
3.51,3.52,0.0
3.52,3.53,0.0
3.53,3.54,0.0
3.54,3.55,0.0
3.55,3.56,0.0
3.56,3.57,0.0
3.57,3.58,0.0
3.58,3.59,0.0
3.59,3.6,0.0
3.6,3.61,0.0
3.61,3.62,0.0
3.62,3.63,0.0
3.63,3.64,0.0
3.64,3.65,0.0
3.65,3.66,0.0
3.66,3.67,0.0
3.67,3.68,0.0
3.68,3.69,0.0
3.69,3.7,0.0
3.7,3.71,0.0
3.71,3.72,0.0
3.72,3.73,0.0
3.73,3.74,0.0
3.74,3.75,0.0
3.75,3.76,0.0
3.76,3.77,0.0
3.77,3.78,0.0
3.78,3.79,0.0
3.79,3.8,0.0
3.8,3.81,0.0
3.81,3.82,0.0
3.82,3.83,0.0
3.83,3.84,0.0
3.84,3.85,0.0
3.85,3.86,0.0
3.86,3.87,0.0
3.87,3.88,0.0
3.88,3.89,0.0
3.89,3.9,0.0
3.9,3.91,0.0
3.91,3.92,0.0
3.92,3.93,0.0
3.93,3.94,0.0
3.94,3.95,0.0
3.95,3.96,0.0
3.96,3.97,0.0
3.97,3.98,0.0
3.98,3.99,0.0
3.99,4.0,0.0
4.0,4.01,0.0
4.01,4.02,0.0
4.02,4.03,0.0
4.03,4.04,0.0
4.04,4.05,0.0
4.05,4.06,0.0
4.06,4.07,0.0
4.07,4.08,0.0
4.08,4.09,0.0
4.09,4.1,0.0
4.1,4.11,0.0
4.11,4.12,0.0
4.12,4.13,0.0
4.13,4.14,0.0
4.14,4.15,0.0
4.15,4.16,0.0
4.16,4.17,0.0
